sim:
  cam_pose: [ [ [ 9.99875250e-01, 1.85839000e-03, 1.56850100e-02,-2.85881070e-01 ],
                [ 1.57616000e-02,-1.81673290e-01,-9.83232680e-01, 5.84382100e-02 ],
                [ 1.02232000e-03, 9.83357250e-01,-1.81679840e-01, 9.58646120e-01 ],
                [ 0.00000000e+00, 0.00000000e+00, 0.00000000e+00, 1.00000000e+00 ] ],

    [ [ 9.89554604e-01,-1.69997837e-02,-1.43152693e-01,-3.16784524e-01 ],
      [ -1.43949838e-01,-1.69938799e-01,-9.74884223e-01, 1.05783043e-01 ],
      [ -7.75437593e-03, 9.85307978e-01,-1.70610837e-01, 9.05394252e-01 ],
      [ 0.00000000e+00, 0.00000000e+00, 0.00000000e+00, 1.00000000e+00 ] ],

    [ [ 9.85500633e-01, 1.34507937e-01, 1.03422032e-01,-2.96694070e-01 ],
      [ 1.11010792e-01,-5.01792268e-02,-9.92551585e-01, 3.79252285e-02 ],
      [ -1.28316429e-01, 9.89641177e-01,-6.43834925e-02, 9.15806113e-01 ],
      [ 0.00000000e+00, 0.00000000e+00, 0.00000000e+00, 1.00000000e+00 ] ],

    [ [ 9.96811754e-01,-7.22072439e-02,-3.39476306e-02,-3.96941957e-01 ],
      [ -4.32153769e-02,-1.30931404e-01,-9.90449089e-01, 7.14886928e-02 ],
      [ 6.70727880e-02, 9.88758353e-01,-1.33634426e-01, 9.39917620e-01 ],
      [ 0.00000000e+00, 0.00000000e+00, 0.00000000e+00, 1.00000000e+00 ] ],

    [ [ 9.97389183e-01,-6.94771457e-02, 1.96911997e-02,-2.23548545e-01 ],
      [ -2.40207070e-04,-2.75870012e-01,-9.61194922e-01, 1.51456090e-01 ],
      [ 7.22132912e-02, 9.58680688e-01,-2.75166455e-01, 1.00575529e+00 ],
      [ 0.00000000e+00, 0.00000000e+00, 0.00000000e+00, 1.00000000e+00 ] ],

    [ [ 9.72258273e-01,-1.27593060e-01,-1.96045558e-01,-2.40526953e-01 ],
      [ -2.17792059e-01,-1.88071761e-01,-9.57703311e-01, 3.22209952e-03 ],
      [ 8.53256624e-02, 9.73832133e-01,-2.10643080e-01, 9.52491082e-01 ],
      [ 0.00000000e+00, 0.00000000e+00, 0.00000000e+00, 1.00000000e+00 ] ],

    [ [ 9.62375977e-01, 4.70425814e-02, 2.67618152e-01,-3.54148320e-01 ],
      [ 2.52143611e-01,-5.21687964e-01,-8.15024704e-01, 4.34780243e-02 ],
      [ 1.01272303e-01, 8.51838403e-01,-5.13921450e-01, 9.38903525e-01 ],
      [ 0.00000000e+00, 0.00000000e+00, 0.00000000e+00, 1.00000000e+00 ] ],

    [ [ 9.84880579e-01, 1.63067100e-01,-5.84753488e-02,-1.97595076e-01 ],
      [ -6.89777361e-03,-3.00368414e-01,-9.53798321e-01, 1.49962304e-01 ],
      [ -1.73097274e-01, 9.39780792e-01,-2.94702217e-01, 9.32336344e-01 ],
      [ 0.00000000e+00, 0.00000000e+00, 0.00000000e+00, 1.00000000e+00 ] ],

    [ [ 9.99565084e-01, 2.80009359e-02, 9.25149305e-03,-2.14403625e-01 ],
      [ 1.51303724e-02,-2.17679585e-01,-9.75903002e-01, 8.45534061e-03 ],
      [ -2.53123362e-02, 9.75618545e-01,-2.18008577e-01, 9.92065243e-01 ],
      [ 0.00000000e+00, 0.00000000e+00, 0.00000000e+00, 1.00000000e+00 ] ],

    [ [ 9.96887927e-01,-6.46280331e-02,-4.51406431e-02,-2.79027146e-01 ],
      [ -5.84623804e-02,-2.21962670e-01,-9.73300942e-01,-3.83165455e-03 ],
      [ 5.28829878e-02, 9.72910988e-01,-2.25050215e-01, 8.97480564e-01 ],
      [ 0.00000000e+00, 0.00000000e+00, 0.00000000e+00, 1.00000000e+00 ] ],

    [ [ 9.96082129e-01,-5.57680626e-02, 6.86317439e-02,-2.38697842e-01 ],
      [ 5.02161767e-02,-2.82131602e-01,-9.58060590e-01, 6.86437635e-02 ],
      [ 7.27923668e-02, 9.57753456e-01,-2.78225788e-01, 9.76252590e-01 ],
      [ 0.00000000e+00, 0.00000000e+00, 0.00000000e+00, 1.00000000e+00 ] ] ]

  fx: 9.068051757812500000e+02
  fy: 9.066802978515625000e+02
  cx: 6.501978759765625000e+02
  cy: 3.677142944335937500e+02

  random_qpos: True
  random_qpos_number: 100

  outdir: data/sim/render_for_mrcnn

